    unsorted:	 2509.780718 2492.785194 2550.280478 2574.991963 2606.730569 2638.001254 2424.753521 2351.925100 2341.492621 2271.120114 2823.611615 2867.466225 2897.967937 2974.496703 3024.176708 3151.266513 3131.447360 3190.176501 3283.762081 3327.319029 3385.058984 3394.221750 3486.626268 2145.554151 2054.412109 2034.759283 1970.038892 1925.822012 3629.910929 3640.899941 3753.980270 1684.925918 1662.367277 1469.896645 4019.276139 4127.133428 4150.108627 4269.715537 1357.500571 1241.617677 1165.012952 1021.299084 4500.812128 4590.161771 4613.436663 727.9379471 4808.212381 525.2937717 421.8277986 339.1421169 225.6092601 253.1541117 164.0941153 108.8394136 19.16834170 5036.377103 -198.2080878 -138.6039370 5347.447918 5599.079172 -761.1495181 6246.970988 6951.505690 -2718.699893 10407.63326 13197.76819 18512.52056 20056.02946 26629.72896 -37941.09023 103346.4814
      sorted:	 -37941.09023 -2718.699893 -761.1495181 -198.2080878 -138.6039370 19.16834170 108.8394136 164.0941153 225.6092601 253.1541117 339.1421169 421.8277986 525.2937717 727.9379471 1021.299084 1165.012952 1241.617677 1357.500571 1469.896645 1662.367277 1684.925918 1925.822012 1970.038892 2034.759283 2054.412109 2145.554151 2271.120114 2341.492621 2351.925100 2424.753521 2492.785194 2509.780718 2550.280478 2574.991963 2606.730569 2638.001254 2823.611615 2867.466225 2897.967937 2974.496703 3024.176708 3131.447360 3151.266513 3190.176501 3283.762081 3327.319029 3385.058984 3394.221750 3486.626268 3629.910929 3640.899941 3753.980270 4019.276139 4127.133428 4150.108627 4269.715537 4500.812128 4590.161771 4613.436663 4808.212381 5036.377103 5347.447918 5599.079172 6246.970988 6951.505690 10407.63326 13197.76819 18512.52056 20056.02946 26629.72896 103346.4814
