    unsorted:	 2647.286290 2677.785864 2763.024524 2549.951223 2455.471082 2406.968033 2339.593870 2863.178890 2899.087660 3043.983447 3096.004087 3196.893784 2184.500269 3352.200086 3411.406123 3479.715395 3460.018155 3504.257362 3608.420485 2103.550403 2011.403275 2029.049084 1961.704548 3658.268912 1727.523421 1768.805317 1651.202455 3906.723686 4010.203708 1437.029571 4164.714771 1135.383068 1075.311956 1028.858924 4469.574888 4532.316490 764.7517864 681.1871177 590.8738336 397.5822611 308.3300003 235.6348772 198.2495577 123.6001384 98.51143115 21.76149580 29.22556425 10.66726126 4783.967087 4939.964871 5063.658233 5171.271933 5422.942844 5530.405468 5739.964240 6140.084552 6450.789637 6928.394283 7762.138534 8971.674707 9711.322056 11376.86087 16123.85135 20489.88357 28102.61567 35285.95901 62751.56243 1174934.377
      sorted:	 10.66726126 21.76149580 29.22556425 98.51143115 123.6001384 198.2495577 235.6348772 308.3300003 397.5822611 590.8738336 681.1871177 764.7517864 1028.858924 1075.311956 1135.383068 1437.029571 1651.202455 1727.523421 1768.805317 1961.704548 2011.403275 2029.049084 2103.550403 2184.500269 2339.593870 2406.968033 2455.471082 2549.951223 2647.286290 2677.785864 2763.024524 2863.178890 2899.087660 3043.983447 3096.004087 3196.893784 3352.200086 3411.406123 3460.018155 3479.715395 3504.257362 3608.420485 3658.268912 3906.723686 4010.203708 4164.714771 4469.574888 4532.316490 4783.967087 4939.964871 5063.658233 5171.271933 5422.942844 5530.405468 5739.964240 6140.084552 6450.789637 6928.394283 7762.138534 8971.674707 9711.322056 11376.86087 16123.85135 20489.88357 28102.61567 35285.95901 62751.56243 1174934.377
