    unsorted:	 3311.077984 3348.340131 3378.059818 3255.960320 3443.094675 3475.738982 3114.906805 3096.663065 3038.656329 2905.746583 2808.472581 2759.340424 2677.213639 2613.993297 2455.773794 2429.935568 2399.313494 2329.280344 3623.961266 2192.828700 2178.782131 2028.645412 1957.512543 1888.765497 3833.196721 3881.188626 3993.290807 4053.093687 1729.620635 4151.640684 1660.274859 1522.327886 4361.878071 1396.190546 4494.326040 4537.947609 1217.007430 4688.451576 1058.245975 1030.884628 4833.030356 4975.209322 5065.632154 655.1694071 695.4762686 592.6847354 398.3432799 317.9030376 248.0279906 201.9445219 120.9734821 100.8658389 60.41015694 7.428907549 17.35264467 5353.695012 5535.419725 5678.092242 6060.500321 6378.710905 6617.802641 7346.100892 7888.034874 8801.716125 9206.473868 12996.43414 17745.76312 20982.19600 25765.81383 30237.32214 70354.01740 1006205.770
      sorted:	 7.428907549 17.35264467 60.41015694 100.8658389 120.9734821 201.9445219 248.0279906 317.9030376 398.3432799 592.6847354 655.1694071 695.4762686 1030.884628 1058.245975 1217.007430 1396.190546 1522.327886 1660.274859 1729.620635 1888.765497 1957.512543 2028.645412 2178.782131 2192.828700 2329.280344 2399.313494 2429.935568 2455.773794 2613.993297 2677.213639 2759.340424 2808.472581 2905.746583 3038.656329 3096.663065 3114.906805 3255.960320 3311.077984 3348.340131 3378.059818 3443.094675 3475.738982 3623.961266 3833.196721 3881.188626 3993.290807 4053.093687 4151.640684 4361.878071 4494.326040 4537.947609 4688.451576 4833.030356 4975.209322 5065.632154 5353.695012 5535.419725 5678.092242 6060.500321 6378.710905 6617.802641 7346.100892 7888.034874 8801.716125 9206.473868 12996.43414 17745.76312 20982.19600 25765.81383 30237.32214 70354.01740 1006205.770
