    unsorted:	 3348.948109 3342.200714 3362.536642 3442.193563 3480.116664 3105.582604 3048.915156 2960.193690 2888.268333 2880.025164 2763.548066 2680.315415 2615.445734 2454.969877 2402.866443 2344.529824 2238.431653 2183.841344 2147.687453 2025.843934 1957.092313 3611.326475 3661.431232 1811.093218 1727.699408 1656.226921 1528.908411 1463.539957 3904.975474 4021.935765 4173.283895 1153.003039 1057.766273 998.7365147 4430.950786 4484.067503 4635.002043 4731.397068 4887.355960 656.4021416 688.5300642 589.7959598 397.5115954 5034.022668 309.4796122 238.1632643 199.7739933 129.5366286 98.12763694 37.73102868 23.53320403 9.710488405 5119.254943 5388.382401 5606.038062 5688.655244 6140.808408 6415.846017 6778.149912 7759.045396 8883.216748 9421.373271 11757.51076 16595.97474 20301.14468 27474.27497 32745.75861 63620.73846 1079256.643
      sorted:	 9.710488405 23.53320403 37.73102868 98.12763694 129.5366286 199.7739933 238.1632643 309.4796122 397.5115954 589.7959598 656.4021416 688.5300642 998.7365147 1057.766273 1153.003039 1463.539957 1528.908411 1656.226921 1727.699408 1811.093218 1957.092313 2025.843934 2147.687453 2183.841344 2238.431653 2344.529824 2402.866443 2454.969877 2615.445734 2680.315415 2763.548066 2880.025164 2888.268333 2960.193690 3048.915156 3105.582604 3342.200714 3348.948109 3362.536642 3442.193563 3480.116664 3611.326475 3661.431232 3904.975474 4021.935765 4173.283895 4430.950786 4484.067503 4635.002043 4731.397068 4887.355960 5034.022668 5119.254943 5388.382401 5606.038062 5688.655244 6140.808408 6415.846017 6778.149912 7759.045396 8883.216748 9421.373271 11757.51076 16595.97474 20301.14468 27474.27497 32745.75861 63620.73846 1079256.643
