    unsorted:	 3315.910973 3347.834945 3364.799517 3142.797963 3090.464959 3032.482716 2949.928760 2897.608641 2766.504130 2718.834998 2670.868048 2593.604461 3458.661181 2454.929096 2393.631651 2332.456472 2280.291716 2184.480179 2146.387269 3574.079025 2024.520541 3614.701259 1943.057134 1835.191936 1729.121747 1662.157070 3816.294494 3890.722161 1544.353440 1473.967220 4035.131725 4117.744157 1175.555655 1057.115883 1019.492842 4448.975359 4486.791854 652.3235030 690.7805047 592.1879736 4681.151465 398.0833510 4821.297246 313.7647921 243.9380527 200.6289261 131.0873500 100.7981343 58.61196598 8.533391425 19.43448255 4968.723360 5069.271330 5282.124499 5480.434950 5598.055646 5727.599147 6030.734897 6253.576436 6607.878398 7722.455175 8713.514747 9127.956011 12120.70180 16851.51546 20110.59236 26897.60496 32083.82691 65454.28764 970049.0027
      sorted:	 8.533391425 19.43448255 58.61196598 100.7981343 131.0873500 200.6289261 243.9380527 313.7647921 398.0833510 592.1879736 652.3235030 690.7805047 1019.492842 1057.115883 1175.555655 1473.967220 1544.353440 1662.157070 1729.121747 1835.191936 1943.057134 2024.520541 2146.387269 2184.480179 2280.291716 2332.456472 2393.631651 2454.929096 2593.604461 2670.868048 2718.834998 2766.504130 2897.608641 2949.928760 3032.482716 3090.464959 3142.797963 3315.910973 3347.834945 3364.799517 3458.661181 3574.079025 3614.701259 3816.294494 3890.722161 4035.131725 4117.744157 4448.975359 4486.791854 4681.151465 4821.297246 4968.723360 5069.271330 5282.124499 5480.434950 5598.055646 5727.599147 6030.734897 6253.576436 6607.878398 7722.455175 8713.514747 9127.956011 12120.70180 16851.51546 20110.59236 26897.60496 32083.82691 65454.28764 970049.0027
