    unsorted:	 3342.211056 3278.701410 3257.330543 3378.273130 3461.721143 3454.706136 3124.895999 3097.834632 3031.681702 2905.547384 2818.970635 2760.054605 2677.117706 2613.554384 2454.153163 2469.431512 2403.696675 2302.814437 3625.417762 2206.960599 2181.377857 2028.165903 1917.859943 1887.254846 3877.338716 3855.488935 1729.615111 1662.834650 3987.390259 4060.066758 1573.098024 1493.237753 4314.720703 4387.076569 4510.383729 4534.523915 1253.174884 1217.408975 4664.456729 1056.681207 4806.518715 4944.777572 751.6362488 686.4897491 594.7082145 5036.749301 398.5640472 268.4298578 321.2107039 247.7984713 201.2690917 123.3623381 100.7461175 60.67722293 6.872563413 15.73803054 5347.688939 5516.981132 5661.892533 6081.704341 6387.074925 6616.059849 7369.270595 7881.063254 8796.517540 9162.870875 13011.20566 17698.72960 20958.22696 25238.86208 28355.44509 70355.53157 992577.2594
      sorted:	 6.872563413 15.73803054 60.67722293 100.7461175 123.3623381 201.2690917 247.7984713 268.4298578 321.2107039 398.5640472 594.7082145 686.4897491 751.6362488 1056.681207 1217.408975 1253.174884 1493.237753 1573.098024 1662.834650 1729.615111 1887.254846 1917.859943 2028.165903 2181.377857 2206.960599 2302.814437 2403.696675 2454.153163 2469.431512 2613.554384 2677.117706 2760.054605 2818.970635 2905.547384 3031.681702 3097.834632 3124.895999 3257.330543 3278.701410 3342.211056 3378.273130 3454.706136 3461.721143 3625.417762 3855.488935 3877.338716 3987.390259 4060.066758 4314.720703 4387.076569 4510.383729 4534.523915 4664.456729 4806.518715 4944.777572 5036.749301 5347.688939 5516.981132 5661.892533 6081.704341 6387.074925 6616.059849 7369.270595 7881.063254 8796.517540 9162.870875 13011.20566 17698.72960 20958.22696 25238.86208 28355.44509 70355.53157 992577.2594
